//0 ASCII 48
011110
100001
100001
100001
100001
100001
100001
011110
//1 ASCII 49
001100
010100
000100
000100
000100
000100
000100
011111
//2 ASCII 50
011110
100001
000001
000010
000100
001000
010000
111111
//3 ASCII 51
011110
100001
000001
000010
000110
000001
100001
011110
//4 ASCII 52
100001
100001
100001
111111
000001
000001
000001
000001
//5 ASCII 53
011111
100000
100000
111111
000001
000001
100001
011110
//6 ASCII 54
011110
100000
100000
111110
100001
100001
100001
011110
//7 ASCII 55
011110
100001
000001
000001
000001
000001
000001
000001
//8 ASCII 56
011110
100001
100001
111111
100001
100001
100001
011110
//X ASCII 88
100001
110011
011110
001100
011110
110011
100001